# Petrel Points with attributes
# Unit in X and Y direction: m
# Unit in depth: m
VERSION 1
BEGIN HEADER
X
Y
Z
FLOAT,Seismic
FLOAT,WellLogs
FLOAT,Core
FLOAT,Fluid
FLOAT,Perforation
FLOAT,WTA
END HEADER
344908.11 6395171.35 0.00 1.000  0.694  0.000  0.000  0.000  0.000  
346337.37 6394899.20 0.00 1.000  0.706  0.000  0.000  0.000  0.000  
345857.77 6392425.56 0.00 1.000  0.775  0.000  0.000  0.065  0.000  
346768.65 6392536.12 0.00 1.000  0.828  0.000  0.000  0.000  0.000  
345900.31 6390944.48 0.00 1.000  0.672  0.000  0.000  0.000  0.002  
346849.48 6390973.72 0.00 1.000  0.783  0.000  0.000  0.000  0.562  
347765.99 6390184.06 0.00 1.000  0.748  0.000  0.000  0.000  0.000  
346890.72 6389481.20 0.00 1.000  0.801  0.000  0.105  0.054  0.000  
347748.14 6389505.84 0.00 1.000  0.733  0.017  0.000  0.000  0.000  
347618.40 6387941.77 0.00 1.000  0.630  0.550  0.000  0.000  0.000  
344351.48 6388304.57 0.00 1.000  0.887  0.000  0.000  0.000  0.000  
346388.64 6388265.72 0.00 1.000  0.800  0.064  0.119  0.014  0.019  
346245.39 6395771.70 0.00 1.000  0.475  0.000  0.000  0.000  0.000  
343890.44 6388223.37 0.00 1.000  0.785  0.000  0.000  0.000  0.000  
345106.37 6389420.90 0.00 1.000  0.734  0.000  0.000  0.000  0.000  
345804.09 6395464.92 0.00 1.000  0.742  0.000  0.000  0.000  0.000  
345841.61 6394901.41 0.00 1.000  0.769  0.000  0.000  0.000  0.000  
346455.32 6393091.27 0.00 1.000  0.787  0.000  0.000  0.099  0.000  
346081.30 6391761.37 0.00 1.000  0.806  0.000  0.000  0.000  0.000  
345789.46 6393705.14 0.00 1.000  0.836  0.000  0.000  0.081  0.000  
347449.46 6391951.60 0.00 1.000  0.383  0.000  0.000  0.000  0.000  
346155.34 6390141.94 0.00 1.000  0.844  0.000  0.001  0.000  0.000  
347219.99 6390240.46 0.00 1.000  0.831  0.000  0.000  0.000  0.020  
348319.27 6389451.08 0.00 1.000  0.442  0.000  0.000  0.000  0.000  
346180.29 6388809.31 0.00 1.000  0.813  0.000  0.584  0.102  0.000  
346856.27 6388708.38 0.00 1.000  0.771  0.030  0.128  0.033  0.000  
346143.36 6387631.92 0.00 1.000  0.845  0.704  0.000  0.136  0.211  
347425.32 6389898.56 0.00 1.000  0.840  0.000  0.000  0.000  0.000  
347799.89 6392999.20 0.00 1.000  0.751  0.000  0.000  0.000  0.000  
347262.42 6392964.74 0.00 1.000  0.805  0.000  0.000  0.000  0.000  
347613.33 6388698.82 0.00 1.000  0.571  0.390  0.000  0.000  0.000  
345882.37 6393097.33 0.00 1.000  0.766  0.000  0.000  0.413  0.000  
345327.84 6388137.13 0.00 1.000  0.765  0.000  0.000  0.000  0.000  
345701.54 6392001.32 0.00 1.000  0.652  0.000  0.000  0.000  0.000  
346509.44 6392015.23 0.00 1.000  0.830  0.000  0.000  0.000  0.000  
347114.63 6392824.59 0.00 1.000  0.837  0.000  0.000  0.000  0.000  
345939.92 6388147.41 0.00 1.000  0.818  0.091  0.061  0.018  0.027  
346881.12 6388455.11 0.00 1.000  0.676  0.035  0.040  0.004  0.000  
344593.17 6390967.31 0.00 1.000  0.538  0.000  0.235  0.337  0.134  
344917.31 6388644.94 0.00 1.000  0.795  0.000  0.000  0.000  0.000  
346468.35 6391996.39 0.00 1.000  0.832  0.000  0.000  0.000  0.000  
346333.90 6392525.11 0.00 1.000  0.844  0.000  0.000  0.044  0.000  
345250.67 6390845.45 0.00 1.000  0.716  0.000  0.037  0.053  0.021  
346361.55 6390984.78 0.00 1.000  0.820  0.000  0.000  0.000  0.192  
347338.95 6390921.31 0.00 1.000  0.541  0.000  0.000  0.000  0.193  
345323.37 6394737.50 0.00 1.000  0.718  0.000  0.000  0.000  0.000  
345972.00 6393733.94 0.00 1.000  0.858  0.000  0.000  0.070  0.000  
346808.15 6393607.61 0.00 1.000  0.757  0.000  0.000  0.000  0.000  
344802.39 6388015.25 0.00 1.000  0.799  0.000  0.000  0.000  0.000  
347288.18 6393328.99 0.00 1.000  0.784  0.000  0.000  0.000  0.000  
348055.92 6392501.05 0.00 1.000  0.488  0.000  0.000  0.000  0.000  
345617.28 6390536.76 0.00 1.000  0.776  0.000  0.000  0.000  0.000  
346529.37 6394205.58 0.00 1.000  0.664  0.000  0.000  0.000  0.000  
346336.93 6393930.76 0.00 1.000  0.757  0.000  0.000  0.001  0.000  
346336.72 6393931.30 0.00 1.000  0.757  0.000  0.000  0.001  0.000  
346368.42 6389114.99 0.00 1.000  0.786  0.000  0.573  0.226  0.000  
346811.51 6389934.23 0.00 1.000  0.849  0.000  0.014  0.007  0.000  
346556.64 6390584.33 0.00 1.000  0.895  0.000  0.000  0.000  0.178  
345265.47 6395452.54 0.00 1.000  0.637  0.000  0.000  0.000  0.000  
345576.58 6387517.24 0.00 1.000  0.479  0.118  0.000  0.023  0.035  
346280.61 6387485.16 0.00 1.000  0.821  0.949  0.000  0.183  0.285  
346514.23 6383543.57 0.00 1.000  0.731  0.398  0.000  0.473  0.000  
343352.68 6390115.93 0.00 1.000  0.662  0.000  0.000  0.000  0.000  
345177.96 6386232.48 0.00 1.000  0.237  0.000  0.000  0.000  0.000  
351084.59 6390310.85 0.00 1.000  0.478  0.390  0.000  0.000  0.000  
344528.21 6384738.08 0.00 1.000  0.595  0.000  0.000  0.000  0.000  
344238.14 6388138.75 0.00 1.000  0.851  0.000  0.000  0.000  0.000  
347416.06 6386082.54 0.00 1.000  0.480  0.000  0.000  0.000  0.000  
344402.48 6388397.39 0.00 1.000  0.892  0.000  0.000  0.000  0.000  
343981.68 6389007.06 0.00 1.000  0.687  0.000  0.000  0.000  0.000  
344603.65 6389155.41 0.00 1.000  0.770  0.000  0.000  0.000  0.000  
345588.48 6388707.64 0.00 1.000  0.756  0.000  0.109  0.003  0.000  
343864.23 6390014.59 0.00 1.000  0.727  0.000  0.000  0.000  0.000  
344509.89 6389812.18 0.00 1.000  0.725  0.000  0.000  0.000  0.000  
345765.94 6389537.66 0.00 1.000  0.792  0.000  0.080  0.033  0.000  
344625.31 6390467.97 0.00 1.000  0.698  0.000  0.072  0.103  0.040  
345408.08 6390197.56 0.00 1.000  0.589  0.000  0.000  0.000  0.000  
345346.63 6390216.13 0.00 1.000  0.554  0.000  0.000  0.000  0.000  
343351.59 6389631.82 0.00 1.000  0.702  0.000  0.000  0.000  0.000  
342897.87 6392096.14 0.00 1.000  0.480  0.000  0.000  0.000  0.000  
347221.14 6385107.93 0.00 1.000  0.486  0.000  0.000  0.000  0.000  
345679.55 6389922.40 0.00 1.000  0.805  0.000  0.000  0.000  0.000  
346211.83 6390112.80 0.00 1.000  0.833  0.000  0.004  0.002  0.000  
346650.15 6390756.41 0.00 1.000  0.896  0.000  0.000  0.000  0.321  
346426.05 6383216.34 0.00 1.000  0.381  0.208  0.000  0.247  0.000  
351267.88 6386064.90 0.00 1.000  0.725  0.156  0.000  0.000  0.000  
