# Petrel Points with attributes
# Unit in X and Y direction: m
# Unit in depth: m
VERSION 1
BEGIN HEADER
X
Y
Z
FLOAT,Std
FLOAT,Mean
END HEADER
344908.11 6395171.35 0.00 0.528  1.382  
346337.37 6394899.20 0.00 1.025  12.306 
345857.77 6392425.56 0.00 1.991  11.498 
346768.65 6392536.12 0.00 0.658  2.487  
345900.31 6390944.48 0.00 1.050  12.352 
346849.48 6390973.72 0.00 1.001  14.164 
347765.99 6390184.06 0.00 1.585  14.807 
346890.72 6389481.20 0.00 0.904  6.393  
347748.14 6389505.84 0.00 0.244  3.996  
347618.40 6387941.77 0.00 0.475  5.455  
344351.48 6388304.57 0.00 0.225  18.532 
346388.64 6388265.72 0.00 6.224  9.401  
346245.39 6395771.70 0.00 0.733  21.325 
343890.44 6388223.37 0.00 4.570  22.347 
345106.37 6389420.90 0.00 0.747  11.047 
345804.09 6395464.92 0.00 0.914  6.986  
345841.61 6394901.41 0.00 0.835  10.143 
346081.30 6391761.37 0.00 0.828  5.729  
347449.46 6391951.60 0.00 1.236  10.061 
346155.34 6390141.94 0.00 1.488  10.733 
347219.99 6390240.46 0.00 6.444  21.213 
348319.27 6389451.08 0.00 1.749  18.657 
346180.29 6388809.31 0.00 0.618  7.034  
346143.36 6387631.92 0.00 0.769  8.123  
347425.32 6389898.56 0.00 1.969  14.734 
347799.89 6392999.20 0.00 0.988  7.082  
347262.42 6392964.74 0.00 1.588  10.575 
347613.33 6388698.82 0.00 1.155  3.715  
345882.37 6393097.33 0.00 2.856  12.843 
345327.84 6388137.13 0.00 2.418  17.117 
345701.54 6392001.32 0.00 1.075  10.619 
346509.44 6392015.23 0.00 2.612  10.123 
347114.63 6392824.59 0.00 1.568  8.702  
345939.92 6388147.41 0.00 1.556  10.063 
346881.12 6388455.11 0.00 1.563  10.087 
344593.17 6390967.31 0.00 1.007  20.388 
344917.31 6388644.94 0.00 0.666  10.513 
346468.35 6391996.39 0.00 2.562  10.421 
346333.90 6392525.11 0.00 0.998  2.993  
345250.67 6390845.45 0.00 1.159  2.318  
346361.55 6390984.78 0.00 0.477  9.227  
347338.95 6390921.31 0.00 1.776  9.760  
345323.37 6394737.50 0.00 1.165  6.362  
345972.00 6393733.94 0.00 1.414  10.775 
346808.15 6393607.61 0.00 0.479  10.167 
344802.39 6388015.25 0.00 1.503  11.809 
347288.18 6393328.99 0.00 0.759  5.520  
348055.92 6392501.05 0.00 1.466  9.461  
345617.28 6390536.76 0.00 1.774  12.067 
346336.93 6393930.76 0.00 1.929  11.167 
346336.72 6393931.30 0.00 1.927  11.179 
346368.42 6389114.99 0.00 1.227  18.360 
346811.51 6389934.23 0.00 1.554  14.469 
346556.64 6390584.33 0.00 1.291  13.895 
345265.47 6395452.54 0.00 0.759  10.678 
345576.58 6387517.24 0.00 2.666  11.836 
346280.61 6387485.16 0.00 0.676  3.360  
346514.23 6383543.57 0.00 1.693  8.895  
343352.68 6390115.93 0.00 0.497  3.725  
345177.96 6386232.48 0.00 1.000  3.008  
344238.14 6388138.75 0.00 1.136  12.862 
347416.06 6386082.54 0.00 0.787  16.390 
344402.48 6388397.39 0.00 1.706  16.690 
343981.68 6389007.06 0.00 0.668  3.335  
345588.48 6388707.64 0.00 1.501  6.722  
343864.23 6390014.59 0.00 0.736  6.113  
345765.94 6389537.66 0.00 0.830  11.072 
344625.31 6390467.97 0.00 0.710  1.012  
345408.08 6390197.56 0.00 2.325  6.954  
345346.63 6390216.13 0.00 2.154  6.617  
343351.59 6389631.82 0.00 1.138  11.819 
342897.87 6392096.14 0.00 0.313  3.383  
345679.55 6389922.40 0.00 2.327  9.021  
346211.83 6390112.80 0.00 1.553  11.197 
346650.15 6390756.41 0.00 1.584  14.156 
346426.05 6383216.34 0.00 2.817  10.603 
