# Petrel Points with attributes
# Unit in X and Y direction: m
# Unit in depth: m
VERSION 1
BEGIN HEADER
X
Y
Z
FLOAT,HEFF
END HEADER
539567.1 6681576.6 0.0 20.83  
556830.0 6682785.2 0.0 14.21  
536288.8 6670361.7 0.0 19.41  
548213.8 6665668.8 0.0 24.18  
534196.2 6653474.6 0.0 13.22  
530785.9 6660777.5 0.0 17.77  
545219.5 6686771.6 0.0 36.62  
555053.6 6679456.5 0.0 18.47  
550759.6 6683204.6 0.0 22.66  
540210.8 6675932.2 0.0 17.76  
549701.6 6673665.7 0.0 24.99  
555024.2 6669044.2 0.0 9.36   
542951.8 6657953.7 0.0 14.70  
546778.1 6649852.6 0.0 14.02  
525683.0 6664194.9 0.0 1.75   
544593.0 6683507.9 0.0 42.58  
543875.5 6678498.5 0.0 16.08  
542012.3 6664170.8 0.0 16.84  
557597.7 6679986.8 0.0 13.65  
539995.0 6671483.4 0.0 16.49  
523309.0 6669121.7 0.0 9.97   
528118.2 6676487.0 0.0 7.81   
535733.0 6685623.0 0.0 22.86  
541711.1 6684355.2 0.0 30.42  
531658.3 6680190.6 0.0 28.85  
