# Petrel Points with attributes
# Unit in X and Y direction: m
# Unit in depth: m
VERSION 1
BEGIN HEADER
X
Y
Z
FLOAT,NTG
FLOAT,Number_of_intervals
FLOAT,Complexity_Lateral_Heterogenity
END HEADER
539567.1 6681576.6 0.0 4.00   4.00   3.00   
556830.0 6682785.2 0.0 3.00   5.00   3.00   
536288.8 6670361.7 0.0 4.00   5.00   2.00   
548213.8 6665668.8 0.0 3.00   4.00   2.00   
534196.2 6653474.6 0.0 3.00   4.00   2.00   
530785.9 6660777.5 0.0 4.00   4.00   2.00   
545219.5 6686771.6 0.0 2.00   5.00   3.00   
555053.6 6679456.5 0.0 4.00   4.00   3.00   
550759.6 6683204.6 0.0 5.00   1.00   3.00   
540210.8 6675932.2 0.0 4.00   3.00   2.00   
549701.6 6673665.7 0.0 3.00   4.00   3.00   
555024.2 6669044.2 0.0 4.00   5.00   2.00   
551746.5 6655237.2 0.0 3.00   3.00   2.00   
542951.8 6657953.7 0.0 4.00   4.00   2.00   
546778.1 6649852.6 0.0 4.00   5.00   2.00   
525683.0 6664194.9 0.0 5.00   4.00   2.00   
544593.0 6683507.9 0.0 3.00   4.00   3.00   
543875.5 6678498.5 0.0 3.00   4.00   3.00   
542012.3 6664170.8 0.0 4.00   4.00   3.00   
557597.7 6679986.8 0.0 5.00   4.00   2.00   
539995.0 6671483.4 0.0 4.00   5.00   2.00   
523309.0 6669121.7 0.0 4.00   3.00   2.00   
528118.2 6676487.0 0.0 4.00   4.00   2.00   
535733.0 6685623.0 0.0 1.00   2.00   3.00   
541711.1 6684355.2 0.0 3.00   4.00   3.00   
531658.3 6680190.6 0.0 4.00   5.00   3.00   
