# Petrel Points with attributes
# Unit in X and Y direction: m
# Unit in depth: m
VERSION 1
BEGIN HEADER
X
Y
Z
FLOAT,NTG
FLOAT,Number_of_intervals
FLOAT,Complexity_Lateral_Heterogenity
END HEADER
344908.11 6395171.35 0.00 4.028  4.028  4.028  
346337.37 6394899.20 0.00 3.976  3.976  3.976  
345857.77 6392425.56 0.00 4.018  4.018  4.018  
346768.65 6392536.12 0.00 4.984  4.984  4.984  
345900.31 6390944.48 0.00 3.969  3.969  3.969  
346849.48 6390973.72 0.00 4.035  4.035  4.035  
347765.99 6390184.06 0.00 4.001  4.001  4.001  
346890.72 6389481.20 0.00 4.977  4.977  4.977  
347748.14 6389505.84 0.00 4.992  4.992  4.992  
347618.40 6387941.77 0.00 4.974  4.974  4.974  
344351.48 6388304.57 0.00 3.012  3.012  3.012  
346388.64 6388265.72 0.00 5.000  5.000  5.000  
346245.39 6395771.70 0.00 3.004  3.004  3.004  
343890.44 6388223.37 0.00 3.954  3.954  3.954  
345106.37 6389420.90 0.00 4.003  4.003  4.003  
345804.09 6395464.92 0.00 4.992  4.992  4.992  
345841.61 6394901.41 0.00 3.971  3.971  3.971  
346455.32 6393091.27 0.00 4.974  4.974  4.974  
346081.30 6391761.37 0.00 4.940  4.940  4.940  
345789.46 6393705.14 0.00 4.001  4.001  4.001  
347449.46 6391951.60 0.00 4.005  4.005  4.005  
346155.34 6390141.94 0.00 3.881  3.881  3.881  
347219.99 6390240.46 0.00 3.965  3.965  3.965  
348319.27 6389451.08 0.00 3.111  3.111  3.111  
346180.29 6388809.31 0.00 4.964  4.964  4.964  
346856.27 6388708.38 0.00 4.963  4.963  4.963  
346143.36 6387631.92 0.00 3.995  3.995  3.995  
347425.32 6389898.56 0.00 3.987  3.987  3.987  
347799.89 6392999.20 0.00 4.999  4.999  4.999  
347262.42 6392964.74 0.00 4.136  4.136  4.136  
347613.33 6388698.82 0.00 4.993  4.993  4.993  
345882.37 6393097.33 0.00 4.009  4.009  4.009  
345327.84 6388137.13 0.00 3.023  3.023  3.023  
345701.54 6392001.32 0.00 3.984  3.984  3.984  
346509.44 6392015.23 0.00 4.228  4.228  4.228  
347114.63 6392824.59 0.00 4.027  4.027  4.027  
345939.92 6388147.41 0.00 4.065  4.065  4.065  
346881.12 6388455.11 0.00 3.567  3.567  3.567  
344593.17 6390967.31 0.00 3.984  3.984  3.984  
344917.31 6388644.94 0.00 4.115  4.115  4.115  
346468.35 6391996.39 0.00 4.096  4.096  4.096  
346333.90 6392525.11 0.00 4.981  4.981  4.981  
345250.67 6390845.45 0.00 4.978  4.978  4.978  
346361.55 6390984.78 0.00 3.984  3.984  3.984  
347338.95 6390921.31 0.00 4.990  4.990  4.990  
345323.37 6394737.50 0.00 4.991  4.991  4.991  
345972.00 6393733.94 0.00 4.013  4.013  4.013  
346808.15 6393607.61 0.00 4.001  4.001  4.001  
344802.39 6388015.25 0.00 3.995  3.995  3.995  
347288.18 6393328.99 0.00 4.974  4.974  4.974  
348055.92 6392501.05 0.00 4.006  4.006  4.006  
345617.28 6390536.76 0.00 3.966  3.966  3.966  
346529.37 6394205.58 0.00 2.010  2.010  2.010  
346336.93 6393930.76 0.00 4.163  4.163  4.163  
346336.72 6393931.30 0.00 4.163  4.163  4.163  
346368.42 6389114.99 0.00 3.291  3.291  3.291  
346811.51 6389934.23 0.00 4.044  4.044  4.044  
346556.64 6390584.33 0.00 4.045  4.045  4.045  
345265.47 6395452.54 0.00 4.009  4.009  4.009  
345576.58 6387517.24 0.00 3.849  3.849  3.849  
346280.61 6387485.16 0.00 4.104  4.104  4.104  
346514.23 6383543.57 0.00 4.000  4.000  4.000  
343352.68 6390115.93 0.00 4.988  4.988  4.988  
345177.96 6386232.48 0.00 4.001  4.001  4.001  
351084.59 6390310.85 0.00 4.997  4.997  4.997  
344528.21 6384738.08 0.00 3.005  3.005  3.005  
344238.14 6388138.75 0.00 4.001  4.001  4.001  
347416.06 6386082.54 0.00 3.004  3.004  3.004  
344402.48 6388397.39 0.00 3.952  3.952  3.952  
343981.68 6389007.06 0.00 4.957  4.957  4.957  
344603.65 6389155.41 0.00 4.380  4.380  4.380  
345588.48 6388707.64 0.00 4.935  4.935  4.935  
343864.23 6390014.59 0.00 4.998  4.998  4.998  
344509.89 6389812.18 0.00 4.994  4.994  4.994  
345765.94 6389537.66 0.00 4.066  4.066  4.066  
344625.31 6390467.97 0.00 4.005  4.005  4.005  
345408.08 6390197.56 0.00 4.251  4.251  4.251  
345346.63 6390216.13 0.00 4.292  4.292  4.292  
343351.59 6389631.82 0.00 4.003  4.003  4.003  
342897.87 6392096.14 0.00 4.999  4.999  4.999  
347221.14 6385107.93 0.00 4.157  4.157  4.157  
345679.55 6389922.40 0.00 3.987  3.987  3.987  
346211.83 6390112.80 0.00 4.162  4.162  4.162  
346650.15 6390756.41 0.00 3.987  3.987  3.987  
346426.05 6383216.34 0.00 4.076  4.076  4.076  
351267.88 6386064.90 0.00 4.165  4.165  4.165  
